---
images/banner-med.jpg: 2019-08-16 13:06:28.367690646 -07:00
images/SHAM-logo.jpg: 2019-07-27 15:26:56.114516649 -07:00
images/banner-large.jpg: 2019-08-16 13:34:07.083574034 -07:00
images/Author-Tristan-Tarwater.jpg: 2019-07-27 15:26:56.018518915 -07:00
images/banner-xl2.jpg: 2019-08-16 13:34:06.692414782 -07:00
images/banner-small.jpg: 2019-08-16 13:06:28.035698497 -07:00
images/Artist-Adrian-Ricker.jpg: 2019-07-27 15:26:51.726620478 -07:00
images/banner-xl.jpg: 2019-08-16 13:34:07.367012648 -07:00
images/comics/a-fistful-of-lunars-page-5.jpg: 2019-07-27 15:26:54.862546234 -07:00
images/comics/a-fistful-of-lunars-page-4.jpg: 2019-07-27 15:26:54.006566478 -07:00
images/comics/a-fistful-of-lunars-page-1.jpg: 2019-07-27 15:26:55.646527705 -07:00
images/comics/small/a-fistful-of-lunars-page-5.jpg: 2019-08-16 10:35:40.269342086
  -07:00
images/comics/small/a-fistful-of-lunars-page-4.jpg: 2019-08-16 10:35:39.973336513
  -07:00
images/comics/small/a-fistful-of-lunars-page-1.jpg: 2019-08-16 10:35:40.589348117
  -07:00
images/comics/small/a-fistful-of-lunars-page-3.jpg: 2019-08-16 10:35:40.441345327
  -07:00
images/comics/small/a-fistful-of-lunars-page-2.jpg: 2019-08-16 10:35:40.113339148
  -07:00
images/comics/a-fistful-of-lunars-page-3.jpg: 2019-07-27 15:26:55.286536212 -07:00
images/comics/thumbs/a-fistful-of-lunars-page-5.jpg: 2019-08-16 10:35:39.449326702
  -07:00
images/comics/thumbs/a-fistful-of-lunars-page-4.jpg: 2019-08-16 10:35:39.169321460
  -07:00
images/comics/thumbs/a-fistful-of-lunars-page-1.jpg: 2019-08-16 10:35:39.725331869
  -07:00
images/comics/thumbs/a-fistful-of-lunars-page-3.jpg: 2019-08-16 10:35:39.593329398
  -07:00
images/comics/thumbs/a-fistful-of-lunars-page-2.jpg: 2019-08-16 10:35:39.309324081
  -07:00
images/comics/a-fistful-of-lunars-page-2.jpg: 2019-07-27 15:26:54.498554843 -07:00
images/characters/Shamsee-Bio.jpg: 2019-07-27 15:26:52.146610523 -07:00
images/characters/Blighter-Bio.jpg: 2019-07-27 15:26:52.054612703 -07:00
images/characters/Gia-Bio.jpg: 2019-07-27 15:26:52.234608439 -07:00
images/comics/DSZ-0/DSZ-0-4.jpg: 2019-08-16 10:26:39.327444061 -07:00
images/comics/DSZ-0/DSZ-0-2.jpg: 2019-08-16 10:26:39.751506353 -07:00
images/comics/DSZ-0/DSZ-0-5.jpg: 2019-08-16 10:26:40.159566359 -07:00
images/comics/DSZ-0/DSZ-0-7.jpg: 2019-08-16 10:26:40.639637077 -07:00
images/comics/DSZ-0/DSZ-0-6.jpg: 2019-08-16 10:26:41.067700160 -07:00
images/comics/DSZ-0/DSZ-0-3.jpg: 2019-08-16 10:26:41.475760437 -07:00
images/comics/DSZ-0/DSZ-0-1.jpg: 2019-08-16 10:26:41.983835489 -07:00
images/comics/DSZ-0/DSZ-0-cover.jpg: 2019-08-16 10:26:42.555920217 -07:00
images/comics/DSZ-0/DSZ-0-8.jpg: 2019-08-16 10:26:43.079997874 -07:00
